 44 200  68 208
 68 208 100 196
100 196  96 176
 96 176 152 180
152 180 140 220
140 220 208 228
208 228 292 188
292 188 340 144
292 188 280 120
280 120 320  76
340 144 320  76
 96 176  76 144
 76 144  80  84
 76 144 172 152
 80  84 136  88
136  88 172 152
172 152 200 140
200 140 208  88
208  88 176 120
176 120 136  88
208  88 280 120
136  88 184  52
184  52 252  64
252  64 260  84
260  84 320  76
196 204 244 192
244 192 240 144
240 144 244 124
240 144 188 164
188 164 196 204
  0   0   0 280
  0   0 400   0
400 280   0 280
400 280 400   0
